Time (s),Identifier,Duration
0.0000000000e+000,33025,2.0000000000e+000
1.0000000000e+000,33026,3.0000000000e+000
3.0000000000e+000,33030,1.0000000000e+001
9.0000000000e+000,33025,2.0000000000e+000
1.0000000000e+001,33026,3.0000000000e+000
1.2000000000e+001,33030,1.0000000000e+001
1.8000000000e+001,33025,2.0000000000e+000
1.9000000000e+001,33026,3.0000000000e+000
2.1000000000e+001,33031,1.0000000000e+001
2.7000000000e+001,33025,2.0000000000e+000
2.8000000000e+001,33026,3.0000000000e+000
3.0000000000e+001,33030,1.0000000000e+001
3.6000000000e+001,33025,2.0000000000e+000
3.7000000000e+001,33026,3.0000000000e+000
3.9000000000e+001,33031,1.0000000000e+001
4.5000000000e+001,33025,2.0000000000e+000
4.6000000000e+001,33026,3.0000000000e+000
4.8000000000e+001,33030,1.0000000000e+001
5.4000000000e+001,33025,2.0000000000e+000
5.5000000000e+001,33026,3.0000000000e+000
5.7000000000e+001,33031,1.0000000000e+001
6.3000000000e+001,33025,2.0000000000e+000
6.4000000000e+001,33026,3.0000000000e+000
6.6000000000e+001,33031,1.0000000000e+001
7.2000000000e+001,33025,2.0000000000e+000
7.3000000000e+001,33026,3.0000000000e+000
7.5000000000e+001,33030,1.0000000000e+001
8.1000000000e+001,33025,2.0000000000e+000
8.2000000000e+001,33026,3.0000000000e+000
8.4000000000e+001,33031,1.0000000000e+001
9.0000000000e+001,33029,2.0000000000e+000
